a:«97»
00100
01010
10001
10001
11111
10001
10001
10001

b:«98»
11110
10001
10001
11110
10001
10001
10001
11110

c:«99»
01110
10001
10000
10000
10000
10000
10001
01110

d:«100»
11110
10001
10001
10001
10001
10001
10001
11110

e:«101»
11111
10000
10000
11110
10000
10000
10000
11111

f:«102»
11111
10000
10000
11110
10000
10000
10000
10000

g:«103»
11110
10001
10000
10000
10111
10001
10001
01110

h:«104»
10001
10001
10001
11111
10001
10001
10001
10001

i:«105»
11111
00100
00100
00100
00100
00100
00100
11111

j:«106»
00001
00001
00001
00001
00001
10001
10001
01110

k:«107»
10001
10010
10100
11000
11000
10100
10010
10001

l:«108»
10000
10000
10000
10000
10000
10000
10000
11111

m:«109»
10001
11011
10101
10001
10001
10001
10001
10001

n:«110»
10001
11001
11001
10101
10101
10011
10011
10001

o:«111»
01110
10001
10001
10001
10001
10001
10001
01110

p:«112»
11110
10001
10001
11110
10000
10000
10000
10000

q:«113»
01110
10001
10001
10001
10001
10101
10011
01111

r:«114»
11110
10001
10001
11110
10100
10010
10001
10001

s:«115»
01110
10001
10001
01100
00010
10001
10001
01110

t:«116»
11111
00100
00100
00100
00100
00100
00100
00100

u:«117»
10001
10001
10001
10001
10001
10001
10001
01110

v:«118»
10001
10001
10001
10001
10001
10001
01010
00100

w:«119»
10001
10001
10001
10001
10001
10101
11011
10001

x:«120»
10001
10001
01010
00100
01010
10001
10001
10001

y:«121»
10001
10001
10001
01010
00100
00100
00100
00100

z:«122»
11111
00001
00010
00100
01000
01000
10000
11111

0:«48»
01110
10001
10001
10101
10101
10001
10001
01110

1:«49»
00001
00011
00101
01001
00001
00001
00001
00001

2:«50»
01110
10001
10001
00010
00100
01000
10000
11111

3:«51»
01110
10001
00001
00110
00001
00001
10001
01110

4:«52»
00011
00101
01001
10001
11111
00001
00001
00001

5:«53»
11111
10000
10000
11110
00001
00001
10001
01110

6:«54»
01110
10001
10000
11110
10001
10001
10001
01110

7:«55»
11111
00001
00001
00010
00010
00100
00100
00100

8:«56»
01110
10001
10001
01110
10001
10001
10001
01110

9:«57»
01110
10001
10001
01111
00001
00001
10001
01110

!:«33»
00100
00100
00100
00100
00100
00100
00000
00100

?:«63»
01110
10001
00001
00010
00100
00100
00000
00100

":«147»
01010
01010
01010
00000
00000
00000
00000
00000

(:«40»
01100
10000
10000
10000
10000
10000
10000
01100

|:«124»
00100
00100
00100
00100
00100
00100
00100
00100

):«41»
00110
00001
00001
00001
00001
00001
00001
00110

.:«46»
00000
00000
00000
00000
00000
00000
00000
01000

,:«44»
00000
00000
00000
00000
00000
00100
00100
01000

::«58»
00000
00000
01000
00000
00000
01000
00000
00000

;:«59»
00000
00000
01000
00000
00000
01000
01000
10000

$:«36»
00100
01110
10001
01100
00010
10001
01110
00100

[:«91»
11100
10000
10000
10000
10000
10000
10000
11100

]:«93»
00111
00001
00001
00001
00001
00001
00001
00111

<:«60»
00000
00000
00100
01000
10000
01000
00100
00000

>:«62»
00000
00000
00100
00010
00001
00010
00100
00000

{:«123»
00110
01000
01000
10000
01000
01000
01000
00110

}:«125»
01100
00010
00010
00001
00010
00010
00010
01100

%:«37»
00000
01001
00010
00010
00100
01000
01010
10000

@:«64»
01110
10001
10001
10101
10101
10110
10000
01111

-:«45»
00000
00000
00000
11111
00000
00000
00000
00000

+:«43»
00000
00100
00100
11111
00100
00100
00000
00000

*:«42»
10101
01110
11111
01110
11111
01110
10101
00000

/:«47»
00010
00010
00100
00100
01000
01000
10000
10000

\:«92»
00010
00010
00100
00100
01000
01000
10000
10000

^:«94»
00100
01010
10001
00000
00000
00000
00000
00000

#:«35»
01010
01010
11111
01010
01010
11111
01010
01010

&:«38»
01100
10010
10010
01100
10101
10010
10011
01101

~:«126»
00000
00000
00000
01010
10101
00000
00000
00000

=:«61»
00000
00000
00000
01111
00000
01111
00000
00000

_:«95»
00000
00000
00000
00000
00000
00000
00000
11111

`:«96»
01000
00100
00000
00000
00000
00000
00000
00000

':«39»
01000
01000
00000
00000
00000
00000
00000
00000
